% -------------------------------------------------------------------
%  Generated by MATLAB on 6-Feb-2025 11:09:12
%  MATLAB version: 9.10.0.1602886 (R2021a)
% -------------------------------------------------------------------
                             

N = 100;

n = 100;

x1 = 1;

x_n = 19606;

